0000001750
0000001800
0000001961
0000002098
0000002178
0000002186
0000002488
0000002969
0000003197
0000003453
0000003499
0000003545
0000003570
0000004127
0000004447
0000004457
0000004962
0000004977
0000005981
0000006201
0000006207
0000006281
0000006494
0000006845
0000006951
0000006955
0000007084
0000007332
0000007431
0000007536
0000007623
0000008146
0000008177
0000008328
0000008504
0000008670
0000008818
0000008858
0000008947
0000009092
0000009326
0000009389
0000009631
0000009984
0000010048
0000010254
0000010329
0000010456
0000012040
0000012239
0000012659
0000012927
0000013156
0000014177
0000014707
0000014846
0000015615
0000015847
0000016040
0000016058
0000016160
0000016732
0000016875
0000017313
0000017843
0000018172
0000018230
0000018255
0000018926
0000019584
0000019745
0000019871
0000020212
0000020286
0000020639
0000021175
0000021344
0000021535
0000021665
0000022356
0000022444
0000022701
0000022872
0000023111
0000023194
0000023197
0000023217
0000024090
0000024741
0000025232
0000025445
0000025743
0000025895
0000026058
0000026172
0000026324
0000026780
0000027093
0000027367
0000027419
0000027904
0000027996
0000028412
0000028823
0000029002
0000029332
0000029534
0000029644
0000029905
0000029952
0000029989
0000030305
0000030625
0000030697
0000030831
0000031107
0000031235
0000031462
0000031667
0000031791
0000032567
0000032604
0000032621
0000033002
0000033185
0000033213
0000033488
0000033992
0000034067
0000034088
0000034285
0000034563
0000034782
0000034956
0000036029
0000036146
0000036377
0000036840
0000037472
0000037785
0000038264
0000038725
0000038777
0000039020
0000039092
0000039311
0000039368
0000039899
0000039911
0000040211
0000040533
0000040545
0000040570
0000040704
0000040729
0000040888
0000040987
0000041091
0000041719
0000042050
0000042582
0000042682
0000042888
0000045876
0000045919
0000046080
0000046129
0000046250
0000046765
0000047111
0000047217
0000047307
0000048287
0000048465
0000048898
0000049071
0000049600
0000049754
0000049826
0000049938
0000050292
0000050471
0000050493
0000050725
0000050863
0000051143
0000051253
0000051434
0000051644
0000052827
0000052988
0000054187
0000054381
0000055067
0000055242
0000055529
0000055772
0000055785
0000056047
0000056679
0000056701
0000056868
0000056873
0000056978
0000057131
0000057515
0000057725
0000058361
0000058492
0000059255
0000059440
0000059478
0000059527
0000059558
0000059860
0000060086
0000060519
0000060667
0000060714
0000061986
0000062234
0000062362
0000062709
0000062996
0000063276
0000063296
0000063330
0000063908
0000064040
0000064472
0000064803
0000064996
0000065172
0000065270
0000065312
0000065596
0000065759
0000065770
0000065984
0000066004
0000066382
0000066418
0000066496
0000066570
0000066600
0000066740
0000066756
0000066901
0000067215
0000067347
0000067716
0000068505
0000069422
0000069488
0000069633
0000069733
0000069891
0000070145
0000070318
0000070487
0000070502
0000070866
0000071557
0000071691
0000071829
0000072162
0000072205
0000072331
0000072333
0000072444
0000072573
0000072633
0000072741
0000072903
0000073088
0000073290
0000073309
0000073756
0000074046
0000074208
0000074260
0000074303
0000074925
0000075252
0000075288
0000075340
0000075362
0000075677
0000076267
0000076282
0000076334
0000076605
0000077360
0000077476
0000077543
0000077877
0000078003
0000078128
0000078239
0000078749
0000078890
0000079282
0000079661
0000079879
0000080035
0000080172
0000080420
0000080424
0000080661
0000081023
0000081157
0000081362
0000081955
0000082020
0000082473
0000082811
0000083350
0000084129
0000084246
0000084748
0000085535
0000085961
0000086115
0000086312
0000087050
0000087347
0000087802
0000088000
0000088121
0000088205
0000088941
0000089089
0000089140
0000089439
0000089800
0000090168
0000090498
0000090896
0000091142
0000091419
0000091440
0000091668
0000091767
0000092108
0000092380
0000093205
0000093314
0000093389
0000093410
0000094049
0000094344
0000095029
0000095552
0000095574
0000096021
0000096223
0000096536
0000096699
0000096793
0000096869
0000096885
0000096943
0000097134
0000097210
0000097216
0000097476
0000097745
0000098338
0000098362
0000099106
0000099302
0000099780
0000100378
0000100493
0000100517
0000100591
0000100716
0000100726
0000100885
0000101199
0000101295
0000101382
0000101538
0000101594
0000101778
0000101829
0000101984
0000102037
0000102109
0000102212
0000102729
0000102752
0000103145
0000103379
0000103595
0000103730
0000104169
0000104889
0000104918
0000105132
0000105319
0000105418
0000105634
0000105744
0000105770
0000106040
0000106532
0000106535
0000106640
0000107263
0000107687
0000108312
0000108385
0000108516
0000108985
0000109177
0000109198
0000109563
0000109657
0000110471
0000110621
0000200406
0000201533
0000202058
0000202947
0000215466
0000216228
0000217346
0000225211
0000225628
0000275053
0000275880
0000276720
0000277135
0000277509
0000277948
0000278165
0000278166
0000310142
0000310158
0000310354
0000310764
0000311094
0000313143
0000313364
0000313927
0000314203
0000314227
0000314489
0000315131
0000315189
0000315213
0000315293
0000315374
0000315545
0000315709
0000315852
0000316253
0000317540
0000317788
0000318154
0000318299
0000318300
0000318306
0000318833
0000318996
0000319016
0000319201
0000319458
0000319654
0000319655
0000320017
0000320121
0000320187
0000320193
0000350698
0000350852
0000350868
0000350894
0000351569
0000351789
0000351817
0000351834
0000351998
0000352541
0000352825
0000352955
0000352991
0000353184
0000354190
0000354647
0000354707
0000354950
0000354963
0000355019
0000355379
0000355811
0000355948
0000356037
0000356171
0000356309
0000357173
0000357301
0000700565
0000700764
0000700841
0000700923
0000701288
0000701347
0000701374
0000701719
0000701985
0000702165
0000703351
0000703604
0000703699
0000704172
0000704440
0000704532
0000704562
0000705432
0000706129
0000706698
0000706863
0000707511
0000707549
0000707605
0000708781
0000708818
0000708821
0000708955
0000709005
0000709283
0000709337
0000710752
0000710782
0000711034
0000711377
0000711404
0000711669
0000711772
0000712034
0000712515
0000712537
0000712770
0000713425
0000714256
0000714395
0000714562
0000714712
0000715072
0000715446
0000715579
0000715787
0000715788
0000715957
0000716006
0000716314
0000716605
0000716643
0000717423
0000717538
0000717605
0000717720
0000717806
0000717954
0000718332
0000718413
0000718877
0000718937
0000719135
0000719220
0000719274
0000719402
0000719494
0000719733
0000719955
0000720154
0000720500
0000720762
0000720858
0000720875
0000721371
0000721693
0000721994
0000722313
0000722572
0000723125
0000723188
0000723254
0000723269
0000723531
0000723533
0000723603
0000723612
0000723646
0000723733
0000724004
0000724445
0000724742
0000724910
0000725363
0000725929
0000726037
0000726293
0000726601
0000726728
0000726854
0000726958
0000727207
0000727273
0000727346
0000727510
0000728385
0000728387
0000728447
0000728535
0000729986
0000730255
0000730263
0000730272
0000730349
0000730464
0000730669
0000730708
0000731012
0000731653
0000731766
0000731802
0000732026
0000732417
0000732834
0000733269
0000733337
0000733590
0000736012
0000737207
0000737468
0000737758
0000737875
0000738214
0000739421
0000740260
0000740663
0000740664
0000740806
0000740971
0000741516
0000742112
0000742278
0000743238
0000743367
0000743758
0000744187
0000744218
0000744452
0000744825
0000745308
0000745543
0000745732
0000746210
0000746514
0000746515
0000746598
0000746838
0000747435
0000747540
0000748268
0000748790
0000749251
0000749647
0000749660
0000750004
0000750558
0000750574
0000750686
0000751364
0000751365
0000751978
0000752294
0000752714
0000754811
0000755001
0000758743
0000758938
0000763532
0000763563
0000763744
0000763907
0000764038
0000764065
0000764180
0000764195
0000764401
0000764478
0000764622
0000764630
0000764897
0000765207
0000765880
0000766421
0000766704
0000766792
0000766829
0000767405
0000768216
0000768408
0000768411
0000768835
0000768899
0000769397
0000769520
0000770460
0000771266
0000771497
0000771856
0000771999
0000772263
0000772320
0000772406
0000773141
0000773318
0000773717
0000773840
0000775057
0000775158
0000775215
0000776867
0000776901
0000778164
0000779152
0000779544
0000780571
0000783005
0000783280
0000783324
0000783325
0000783412
0000784199
0000784539
0000784977
0000785161
0000785557
0000785786
0000785956
0000786947
0000787253
0000788329
0000788611
0000788784
0000788920
0000788965
0000789019
0000789460
0000789570
0000789933
0000790051
0000790273
0000790359
0000790526
0000790816
0000791963
0000792935
0000792966
0000792987
0000793074
0000793306
0000793524
0000793733
0000793952
0000794170
0000794172
0000794367
0000794619
0000795212
0000795266
0000795403
0000796343
0000796505
0000796534
0000797465
0000797564
0000797721
0000798081
0000798287
0000798354
0000798528
0000798783
0000799165
0000799167
0000799233
0000799288
0000799292
0000799850
0000800240
0000802257
0000802481
0000803016
0000803164
0000803578
0000804328
0000805676
0000805928
0000806172
0000806279
0000806517
0000806592
0000807707
0000807863
0000807882
0000808326
0000809248
0000810136
0000810332
0000810509
0000810958
0000811212
0000811222
0000811240
0000811532
0000811589
0000811596
0000811641
0000811808
0000811830
0000812011
0000812074
0000812152
0000812796
0000813298
0000813672
0000813716
0000813762
0000814453
0000814547
0000814549
0000814585
0000814586
0000814676
0000814926
0000815094
0000815097
0000815556
0000816761
0000816956
0000817720
0000818033
0000818479
0000818677
0000819050
0000819689
0000819793
0000819913
0000819926
0000820027
0000820313
0000820608
0000820771
0000821002
0000821026
0000821189
0000821483
0000822370
0000822416
0000822663
0000822746
0000822818
0000823546
0000823768
0000824142
0000824410
0000824416
0000825313
0000825322
0000825324
0000825542
0000825788
0000826154
0000827052
0000827054
0000827099
0000827187
0000827871
0000827876
0000828146
0000828944
0000829224
0000829323
0000829325
0000830122
0000830524
0000830616
0000830656
0000831259
0000831355
0000831378
0000831489
0000831547
0000831641
0000832090
0000832101
0000832428
0000832480
0000832988
0000833079
0000833444
0000833640
0000834285
0000834365
0000835011
0000835324
0000836147
0000836157
0000836564
0000836690
0000836937
0000837465
0000837852
0000839087
0000839470
0000840489
0000840715
0000842013
0000842023
0000842162
0000842517
0000842518
0000842633
0000842717
0000842722
0000843006
0000844059
0000844856
0000844887
0000844965
0000845385
0000845819
0000846475
0000846901
0000846913
0000849145
0000849146
0000849399
0000849401
0000849636
0000849869
0000850033
0000850141
0000850209
0000850261
0000850429
0000850460
0000850971
0000851205
0000851310
0000851520
0000851968
0000852772
0000853816
0000854560
0000854775
0000854800
0000855654
0000855658
0000855683
0000855787
0000855874
0000856982
0000856984
0000857005
0000857949
0000858470
0000858655
0000858800
0000858877
0000859070
0000859737
0000860131
0000860413
0000860543
0000860546
0000860730
0000860731
0000861459
0000861838
0000861842
0000861878
0000861884
0000862022
0000862651
0000862668
0000862692
0000862831
0000862861
0000863436
0000863894
0000864240
0000864749
0000865752
0000866273
0000866374
0000866439
0000866706
0000866729
0000866787
0000866829
0000867028
0000867038
0000867665
0000867773
0000867840
0000868278
0000868671
0000868780
0000868857
0000869495
0000869531
0000871763
0000872589
0000872912
0000873303
0000873860
0000874015
0000874238
0000874292
0000874396
0000874710
0000874716
0000874866
0000875045
0000875320
0000875355
0000875357
0000875582
0000875657
0000875729
0000876167
0000876343
0000876378
0000876427
0000876437
0000876523
0000876883
0000877212
0000877422
0000877860
0000878828
0000878927
0000878932
0000879169
0000879407
0000879526
0000879585
0000879635
0000879682
0000879911
0000880117
0000880242
0000880266
0000880417
0000880631
0000880641
0000880807
0000880984
0000881787
0000882095
0000882184
0000882291
0000882361
0000882508
0000882796
0000882800
0000882835
0000883107
0000883237
0000883241
0000883943
0000883975
0000883984
0000884144
0000884219
0000884269
0000884363
0000884380
0000884624
0000884650
0000884713
0000884887
0000885245
0000885275
0000885307
0000885462
0000885508
0000885550
0000885590
0000885639
0000885978
0000886093
0000886136
0000886158
0000886206
0000886346
0000886744
0000887247
0000887343
0000887359
0000887396
0000887596
0000887905
0000887936
0000888491
0000889331
0000889609
0000889900
0000889971
0000890066
0000890394
0000890447
0000890564
0000890725
0000890821
0000890926
0000891014
0000891024
0000891103
0000891166
0000891293
0000891417
0000891482
0000891532
0000892482
0000892553
0000892832
0000893538
0000893691
0000893739
0000893847
0000893949
0000894081
0000894405
0000894556
0000894560
0000894627
0000894671
0000894871
0000895051
0000895417
0000895419
0000895447
0000895456
0000895665
0000896156
0000896159
0000896262
0000896264
0000896622
0000896747
0000896841
0000896878
0000897077
0000897078
0000897429
0000897448
0000897723
0000898171
0000898173
0000898293
0000898437
0000899394
0000899460
0000899629
0000899715
0000899751
0000899923
0000900075
0000901491
0000902791
0000903129
0000903419
0000903571
0000903651
0000906107
0000906163
0000906345
0000906465
0000906553
0000906709
0000907242
0000907471
0000907654
0000908255
0000908259
0000908315
0000908937
0000909108
0000909494
0000909724
0000909832
0000910267
0000910329
0000910406
0000910521
0000910606
0000910638
0000910679
0000911147
0000911177
0000911216
0000912061
0000912093
0000912242
0000912463
0000912544
0000912562
0000912593
0000912603
0000912615
0000912728
0000912752
0000912766
0000912767
0000913142
0000913241
0000913277
0000913341
0000913760
0000914122
0000914139
0000914156
0000914208
0000914475
0000914712
0000915358
0000915389
0000915779
0000915840
0000915912
0000915913
0000916076
0000916365
0000916540
0000916789
0000916907
0000917225
0000917273
0000917470
0000917491
0000917520
0000918251
0000918541
0000918545
0000918646
0000918965
0000919012
0000919175
0000919567
0000919864
0000920148
0000920371
0000920427
0000920522
0000920760
0000920990
0000921082
0000921114
0000921183
0000921299
0000921557
0000921582
0000921738
0000921825
0000922224
0000922330
0000922521
0000922612
0000922621
0000922864
0000923120
0000923139
0000923571
0000923601
0000923796
0000924095
0000924168
0000924383
0000924515
0000924717
0000924719
0000924805
0000924822
0000924901
0000925528
0000925660
0000926282
0000926326
0000926617
0000926844
0000927003
0000927066
0000927355
0000927653
0000927720
0000927761
0000928022
0000928054
0000928340
0000928465
0000928658
0000928953
0000930236
0000930245
0000930420
0000930775
0000931015
0000931059
0000931148
0000931584
0000932021
0000932696
0000932781
0000933034
0000933036
0000933136
0000933738
0000933972
0000933974
0000934549
0000934796
0000935036
0000935419
0000935494
0000935703
0000936395
0000936468
0000937098
0000937556
0000939767
0000940942
0000940944
0000941685
0000942126
0000943034
0000943184
0000943452
0000943535
0000944075
0000944148
0000944314
0000944480
0000944695
0000944745
0000944809
0000945114
0000945394
0000945617
0000945828
0000945841
0000945983
0000946454
0000946486
0000946563
0000946581
0000946644
0000946647
0000946673
0000947559
0000948708
0000949157
0000949858
0000949870
0000949961
0001000045
0001000228
0001000229
0001000230
0001000623
0001000683
0001000694
0001000697
0001000753
0001001082
0001001115
0001001233
0001001250
0001001316
0001001385
0001001463
0001001601
0001001614
0001001838
0001001902
0001001907
0001002047
0001002135
0001002590
0001002638
0001002910
0001003078
0001004989
0001005210
0001005229
0001005284
0001005286
0001005731
0001005757
0001005817
0001006028
0001006045
0001006281
0001006655
0001006830
0001006837
0001006840
0001007019
0001007273
0001007587
0001008586
0001008653
0001008654
0001008848
0001009759
0001009829
0001009891
0001009922
0001010086
0001010470
0001011060
0001011509
0001011662
0001012100
0001012477
0001013237
0001013272
0001013462
0001013488
0001013706
0001013857
0001013871
0001013880
0001013934
0001014052
0001014111
0001014473
0001014739
0001015155
0001015739
0001016178
0001016281
0001016504
0001016708
0001017110
0001017303
0001017480
0001017491
0001017655
0001018164
0001018399
0001018724
0001018840
0001018963
0001018979
0001019034
0001019671
0001019849
0001020214
0001020569
0001020710
0001020859
0001021162
0001021270
0001021435
0001021561
0001021635
0001021860
0001022079
0001022321
0001022408
0001022505
0001022652
0001022671
0001023024
0001023128
0001023198
0001023298
0001023313
0001023459
0001023731
0001023994
0001024095
0001024305
0001024478
0001024725
0001024795
0001025378
0001025771
0001025953
0001025996
0001026655
0001027838
0001028918
0001029125
0001029142
0001029199
0001029744
0001030469
0001030471
0001031029
0001031093
0001031203
0001031233
0001031235
0001031296
0001031308
0001031316
0001031623
0001032220
0001032975
0001033012
0001034054
0001034670
0001034760
0001034842
0001035002
0001035092
0001035201
0001035267
0001035354
0001035443
0001035976
0001035983
0001036044
0001036262
0001036848
0001037038
0001037390
0001037540
0001037646
0001037676
0001037868
0001037976
0001038074
0001038133
0001038277
0001038357
0001038773
0001039065
0001039280
0001039399
0001039466
0001039684
0001040130
0001040161
0001040470
0001040829
0001040850
0001040896
0001041024
0001041061
0001041368
0001041514
0001041588
0001041633
0001041803
0001041859
0001042074
0001042418
0001042729
0001042776
0001042893
0001043000
0001043186
0001043277
0001043337
0001043509
0001043604
0001043894
0001043961
0001044378
0001044777
0001045742
0001045810
0001045942
0001046025
0001046050
0001046102
0001046257
0001046311
0001046327
0001046568
0001046995
0001047127
0001047335
0001047340
0001047862
0001048268
0001048286
0001048477
0001048695
0001048911
0001049011
0001049502
0001049521
0001049606
0001049782
0001050377
0001050441
0001050446
0001050606
0001050743
0001050797
0001050825
0001050915
0001051343
0001051470
0001051514
0001051627
0001052054
0001052752
0001053352
0001053369
0001053507
0001053584
0001053691
0001053706
0001054102
0001054274
0001054721
0001054905
0001055454
0001055726
0001056285
0001056288
0001056358
0001056696
0001056757
0001056903
0001056943
0001057060
0001057083
0001057352
0001057379
0001057706
0001057877
0001058090
0001058290
0001058330
0001058811
0001058828
0001058867
0001059142
0001059556
0001059784
0001060219
0001060391
0001060736
0001060822
0001061027
0001061069
0001061164
0001061219
0001061630
0001061983
0001062128
0001062231
0001062506
0001062822
0001063537
0001064722
0001064728
0001065059
0001065078
0001065088
0001065280
0001065598
0001065696
0001065837
0001066194
0001066605
0001066684
0001066764
0001066923
0001067294
0001067701
0001067837
0001068689
0001068851
0001068875
0001069157
0001069183
0001069202
0001069258
0001069308
0001069394
0001069530
0001069533
0001069680
0001069878
0001069899
0001069996
0001070081
0001070235
0001070296
0001070412
0001070423
0001070494
0001070524
0001070680
0001070750
0001070985
0001071236
0001071255
0001071739
0001071840
0001072379
0001072627
0001073489
0001073748
0001074828
0001074902
0001075531
0001075706
0001075736
0001075857
0001076262
0001076682
0001076930
0001077183
0001077319
0001077688
0001077771
0001078075
0001078207
0001078271
0001078799
0001079282
0001080014
0001080340
0001080448
0001081188
0001081745
0001081938
0001082038
0001082324
0001082554
0001083220
0001083301
0001083446
0001083490
0001083522
0001083743
0001083922
0001084048
0001084133
0001084475
0001084551
0001084554
0001084577
0001084765
0001084869
0001084961
0001084991
0001085243
0001085277
0001085869
0001085913
0001086082
0001086222
0001086303
0001086600
0001086745
0001087022
0001087294
0001087456
0001088005
0001088034
0001088413
0001088638
0001088856
0001089061
0001089063
0001089531
0001089815
0001089872
0001089907
0001090009
0001090012
0001090396
0001090425
0001090727
0001090872
0001091596
0001091667
0001091883
0001091907
0001092570
0001092662
0001092699
0001092796
0001092802
0001093557
0001093672
0001093691
0001094032
0001094038
0001094084
0001094285
0001094738
0001094831
0001095073
0001095315
0001095565
0001095981
0001096056
0001096343
0001096752
0001096759
0001096768
0001096938
0001096950
0001097149
0001097864
0001098009
0001098146
0001098151
0001098880
0001098972
0001099132
0001099160
0001099369
0001099590
0001099668
0001099800
0001100397
0001100682
0001101215
0001101239
0001101246
0001101302
0001101396
0001101433
0001101680
0001102238
0001102432
0001102993
0001103021
0001103090
0001103640
0001103795
0001103833
0001103982
0001104265
0001104280
0001104485
0001104506
0001104657
0001106213
0001106644
0001106838
0001106848
0001107280
0001107421
0001107843
0001108046
0001108109
0001108134
0001108205
0001108426
0001108524
0001108630
0001108645
0001108967
0001109116
0001109242
0001109354
0001109357
0001110607
0001110611
0001110803
0001111335
0001111741
0001111928
0001113148
0001113169
0001113232
0001113313
0001113809
0001114483
0001114925
0001114927
0001114936
0001114995
0001115128
0001116132
0001116463
0001116942
0001117057
0001117171
0001117297
0001117480
0001118417
0001119190
0001119643
0001119807
0001119897
0001120193
0001120370
0001120914
0001120970
0001121142
0001121484
0001121702
0001121788
0001122742
0001122904
0001122976
0001123360
0001123494
0001123596
0001124105
0001124140
0001124524
0001124610
0001124796
0001124804
0001124941
0001125345
0001125376
0001125699
0001126234
0001126328
0001126741
0001126961
0001126975
0001127371
0001127475
0001127537
0001127703
0001127993
0001128189
0001128252
0001128281
0001128353
0001128361
0001128928
0001129155
0001130144
0001130310
0001130464
0001130598
0001130713
0001131312
0001131903
0001132105
0001132509
0001132651
0001133062
0001133311
0001133416
0001133421
0001133470
0001133798
0001133818
0001133869
0001134115
0001134765
0001134982
0001135185
0001136294
0001136869
0001136893
0001137091
0001137547
0001137789
0001137883
0001138118
0001138476
0001138639
0001138723
0001140102
0001140215
0001140536
0001140586
0001140859
0001141103
0001141197
0001141240
0001141391
0001141688
0001141788
0001142417
0001142596
0001142750
0001142790
0001142801
0001143513
0001144169
0001144215
0001144519
0001144980
0001145197
0001145986
0001156039
0001156041
0001156174
0001156375
0001156388
0001156784
0001157075
0001157408
0001157601
0001157647
0001157762
0001157817
0001158114
0001158172
0001158324
0001158420
0001158449
0001158463
0001158780
0001158895
0001159036
0001159167
0001159275
0001159281
0001160308
0001160791
0001160798
0001160951
0001161582
0001161728
0001162194
0001162283
0001162461
0001162896
0001163165
0001163302
0001163370
0001163389
0001163609
0001163612
0001163668
0001164256
0001164727
0001164863
0001165002
0001165320
0001165639
0001166003
0001166388
0001166708
0001166928
0001167419
0001168455
0001168663
0001169138
0001169245
0001169445
0001169561
0001169652
0001169770
0001169987
0001170010
0001171008
0001171155
0001171486
0001171759
0001171838
0001172052
0001172102
0001172178
0001172222
0001172298
0001172358
0001172631
0001172706
0001173204
0001173281
0001173313
0001173420
0001173489
0001173514
0001174850
0001174891
0001174922
0001174940
0001175151
0001175454
0001175535
0001175680
0001176309
0001176334
0001176948
0001177394
0001177609
0001177648
0001177702
0001178253
0001178670
0001178697
0001178711
0001178879
0001178970
0001179929
0001180145
0001180262
0001181749
0001183765
0001185348
0001187953
0001190370
0001191334
0001192448
0001195734
0001196298
0001200375
0001201792
0001205181
0001205922
0001206264
0001210708
0001211583
0001211805
0001213037
0001213660
0001213809
0001216128
0001217234
0001218683
0001219601
0001220754
0001222333
0001223389
0001223533
0001224133
0001226616
0001227500
0001227636
0001227654
0001228454
0001228627
0001230058
0001230245
0001230524
0001232524
0001235468
0001236275
0001237831
0001239819
0001251769
0001253176
0001253689
0001257640
0001258602
0001260221
0001260990
0001261249
0001261333
0001261654
0001262039
0001262104
0001262823
0001262976
0001263364
0001265107
0001265131
0001267565
0001267602
0001267813
0001269026
0001270073
0001270436
0001272842
0001273441
0001273636
0001273813
0001273931
0001274032
0001274173
0001274494
0001274737
0001274792
0001275014
0001275101
0001275158
0001275187
0001275477
0001276520
0001276531
0001277902
0001277998
0001278021
0001278027
0001278680
0001279620
0001279704
0001279715
0001280058
0001280263
0001280396
0001280452
0001280776
0001281895
0001281984
0001282224
0001282631
0001282637
0001282648
0001282977
0001282980
0001283140
0001283337
0001283464
0001283699
0001284143
0001284450
0001284452
0001284454
0001284812
0001285543
0001285550
0001285785
0001285819
0001286043
0001286405
0001286459
0001286613
0001286681
0001287213
0001287750
0001287808
0001287865
0001287900
0001288403
0001288469
0001288750
0001288770
0001288847
0001289308
0001289340
0001289419
0001289460
0001289490
0001289636
0001289848
0001289850
0001289945
0001290476
0001290658
0001290677
0001290900
0001292519
0001293282
0001293310
0001293818
0001293971
0001294133
0001295401
0001295514
0001295947
0001295961
0001296445
0001297184
0001297341
0001297937
0001297989
0001298675
0001299130
0001299709
0001299969
0001300514
0001300524
0001300699
0001300734
0001300867
0001300938
0001301787
0001301838
0001301991
0001302028
0001302084
0001302215
0001302387
0001303313
0001303942
0001304161
0001304409
0001304421
0001304492
0001304730
0001304741
0001305168
0001305253
0001305323
0001305773
0001306830
0001307579
0001307624
0001307748
0001307954
0001308027
0001308208
0001308547
0001308569
0001309057
0001309082
0001309108
0001309402
0001310488
0001310527
0001311370
0001311673
0001313275
0001313938
0001314052
0001314102
0001314196
0001314727
0001315255
0001315257
0001315399
0001316517
0001316835
0001317833
0001317839
0001317945
0001318008
0001318220
0001318268
0001318484
0001318568
0001318605
0001318641
0001319161
0001319643
0001319947
0001320350
0001320414
0001320461
0001320695
0001320760
0001320854
0001321655
0001321732
0001321828
0001321834
0001322439
0001322505
0001323885
0001324272
0001324404
0001324424
0001324759
0001325618
0001325670
0001325702
0001325879
0001325964
0001326003
0001326110
0001326190
0001326200
0001326205
0001326380
0001326706
0001326732
0001326801
0001327068
0001327273
0001327318
0001327567
0001327607
0001327688
0001327811
0001328237
0001328581
0001328598
0001328792
0001329606
0001330568
0001331520
0001331612
0001331875
0001332174
0001332349
0001333274
0001333493
0001333822
0001333835
0001334036
0001334325
0001334589
0001334740
0001334933
0001334978
0001335112
0001335258
0001335288
0001336920
0001337013
0001337068
0001337298
0001337553
0001337619
0001338749
0001338929
0001339605
0001339970
0001340122
0001340476
0001340909
0001341235
0001341318
0001341439
0001341726
0001341766
0001342219
0001342423
0001342792
0001342958
0001343009
0001343465
0001343491
0001345016
0001346022
0001346655
0001346830
0001346917
0001347178
0001347858
0001348911
0001349706
0001349929
0001350073
0001350156
0001350593
0001350653
0001351051
0001351573
0001351636
0001352010
0001352952
0001353283
0001353406
0001353487
0001353499
0001353611
0001353612
0001353613
0001353614
0001353615
0001353970
0001354327
0001354730
0001354866
0001355250
0001355677
0001355790
0001355839
0001355848
0001356090
0001356284
0001356576
0001357459
0001357615
0001357660
0001357874
0001357971
0001358099
0001358190
0001358254
0001358356
0001358403
0001358633
0001358654
0001358656
0001358762
0001359841
0001359931
0001360442
0001360565
0001360604
0001360901
0001361113
0001361538
0001361658
0001362004
0001362190
0001362468
0001362516
0001362703
0001362705
0001363958
0001364250
0001364479
0001364742
0001364885
0001364954
0001365135
0001365357
0001365388
0001365794
0001365916
0001366561
0001366868
0001367083
0001367408
0001367644
0001367859
0001367920
0001368148
0001368265
0001368275
0001368365
0001368458
0001368514
0001368620
0001368622
0001369290
0001369568
0001370053
0001370450
0001370637
0001370755
0001370816
0001370946
0001371128
0001371285
0001371451
0001371489
0001371782
0001372020
0001372183
0001372184
0001372299
0001372514
0001372612
0001372807
0001372954
0001373690
0001373715
0001373853
0001374310
0001374328
0001374535
0001374567
0001374690
0001374881
0001375063
0001375195
0001375205
0001375348
0001375365
0001376139
0001376227
0001376231
0001376321
0001376339
0001376793
0001376804
0001377121
0001377149
0001377167
0001377630
0001377789
0001378125
0001378140
0001378590
0001378950
0001378992
0001379006
0001379041
0001379043
0001379606
0001379785
0001381105
0001381197
0001381240
0001381668
0001382101
0001382112
0001382230
0001382574
0001382821
0001382943
0001383054
0001383055
0001383057
0001383058
0001383062
0001383082
0001383084
0001383088
0001383149
0001383151
0001383312
0001383394
0001383414
0001383637
0001383650
0001383701
0001384101
0001384135
0001384195
0001384365
0001384905
0001385157
0001385280
0001385508
0001385613
0001385799
0001385818
0001385849
0001385867
0001386018
0001386049
0001386278
0001386301
0001386570
0001387467
0001387998
0001388174
0001388319
0001388320
0001388658
0001389002
0001389034
0001389050
0001389067
0001389170
0001389518
0001389545
0001390478
0001390777
0001391127
0001391135
0001391426
0001391933
0001392380
0001392449
0001392972
0001393052
0001393066
0001393434
0001393540
0001393548
0001393584
0001393612
0001393726
0001393772
0001393781
0001393818
0001393883
0001394056
0001394108
0001394319
0001395937
0001395942
0001396009
0001396033
0001396054
0001396440
0001396536
0001396633
0001396814
0001396878
0001397016
0001397047
0001397187
0001397702
0001397795
0001397911
0001398137
0001398529
0001398659
0001398733
0001398987
0001399249
0001399352
0001399520
0001400683
0001400810
0001401040
0001401257
0001401521
0001401564
0001401667
0001401708
0001401835
0001401914
0001402057
0001402371
0001402436
0001402479
0001402829
0001402945
0001403161
0001403256
0001403431
0001403475
0001403568
0001403674
0001403708
0001403752
0001404123
0001404281
0001404644
0001404655
0001404804
0001404935
0001405495
0001405513
0001405528
0001405660
0001405663
0001406587
0001406588
0001406666
0001407573
0001407591
0001407623
0001407704
0001407878
0001408057
0001408075
0001408100
0001408146
0001408198
0001408443
0001408710
0001409171
0001409175
0001409197
0001409253
0001409269
0001409375
0001409446
0001409624
0001409970
0001409999
0001410098
0001410172
0001410187
0001410384
0001410636
0001410708
0001410738
0001410939
0001411036
0001411057
0001411059
0001411207
0001411685
0001411688
0001411906
0001412095
0001412126
0001412408
0001412486
0001412659
0001412665
0001413119
0001413329
0001413447
0001413488
0001413659
0001413754
0001413837
0001413909
0001414043
0001414382
0001414932
0001414953
0001415306
0001415332
0001415404
0001415684
0001415744
0001415813
0001416090
0001416697
0001417398
0001417663
0001417664
0001417926
0001418076
0001418091
0001418121
0001418135
0001418489
0001418819
0001419041
0001419051
0001419536
0001419612
0001419793
0001419806
0001419995
0001420108
0001420368
0001420520
0001420565
0001420720
0001420800
0001421204
0001421289
0001421461
0001421517
0001421636
0001421819
0001421907
0001422142
0001422143
0001422183
0001422296
0001422768
0001422892
0001422930
0001423221
0001423723
0001423774
0001423869
0001423902
0001424182
0001424404
0001424768
0001424864
0001424929
0001425203
0001425205
0001425287
0001425292
0001425355
0001425450
0001425627
0001426332
0001426506
0001426800
0001427570
0001427644
0001427925
0001428336
0001428389
0001428439
0001429393
0001429560
0001429859
0001430300
0001430306
0001430523
0001430723
0001431074
0001431567
0001431880
0001431934
0001432176
0001432290
0001433195
0001433270
0001433551
0001433607
0001433642
0001433660
0001434316
0001434389
0001434524
0001434588
0001434601
0001434621
0001434647
0001434728
0001434737
0001434868
0001435049
0001435181
0001435387
0001435508
0001436126
0001436208
0001436229
0001436425
0001437107
0001437226
0001437283
0001437352
0001437402
0001437476
0001437479
0001437491
0001437517
0001437578
0001437750
0001437925
0001437958
0001438133
0001438231
0001438423
0001438461
0001438533
0001438731
0001438901
0001438943
0001439095
0001439222
0001439237
0001439264
0001439288
0001440024
0001440153
0001440280
0001440799
0001441082
0001441236
0001441683
0001441769
0001441816
0001442145
0001442236
0001442620
0001442836
0001442853
0001442999
0001443089
0001443388
0001443611
0001443646
0001443669
0001443863
0001444192
0001444307
0001444380
0001444839
0001445109
0001445175
0001445283
0001445305
0001445815
0001445942
0001446159
0001446371
0001446847
0001447028
0001447051
0001447362
0001447380
0001447669
0001448056
0001448431
0001448558
0001448597
0001448705
0001448893
0001449349
0001449447
0001449488
0001449792
0001449794
0001450704
0001450922
0001450923
0001451433
0001451505
0001451512
0001451809
0001452936
0001453593
0001453687
0001454742
0001454789
0001455684
0001455863
0001456189
0001456453
0001456802
0001456857
0001457612
0001458412
0001458581
0001459188
0001459200
0001459417
0001459839
0001459862
0001460235
0001460329
0001460602
0001460702
0001461755
0001462120
0001462418
0001463101
0001463172
0001463208
0001463258
0001463361
0001463833
0001463972
0001464165
0001464865
0001465128
0001465872
0001465885
0001466085
0001466258
0001466301
0001466593
0001467154
0001467373
0001467623
0001467760
0001467761
0001467858
0001467913
0001468174
0001468328
0001468639
0001468666
0001468679
0001468748
0001469367
0001469443
0001470129
0001471265
0001471727
0001471781
0001472012
0001472091
0001472494
0001472787
0001472998
0001473287
0001473334
0001473490
0001473579
0001473597
0001474167
0001474432
0001474627
0001474735
0001474903
0001475115
0001475348
0001475430
0001475841
0001475922
0001476034
0001476150
0001476204
0001476765
0001476963
0001477009
0001477246
0001477294
0001477333
0001477449
0001477472
0001477845
0001478069
0001478242
0001478320
0001478454
0001479000
0001479094
0001479290
0001479419
0001481028
0001481443
0001481504
0001481582
0001481792
0001482430
0001482554
0001483386
0001483510
0001483646
0001484565
0001484612
0001484769
0001485003
0001485029
0001485074
0001486297
0001486957
0001487091
0001487197
0001487198
0001487718
0001487798
0001487843
0001487931
0001487952
0001488039
0001488139
0001488419
0001488501
0001488917
0001489096
0001489393
0001489588
0001489874
0001490161
0001490281
0001490906
0001490978
0001491419
0001491487
0001491829
0001492091
0001492298
0001492422
0001492426
0001492448
0001492617
0001492674
0001492691
0001493137
0001493212
0001493225
0001493566
0001493594
0001493712
0001493761
0001494259
0001494319
0001494413
0001494582
0001494650
0001494891
0001494904
0001495028
0001495231
0001495320
0001495584
0001495932
0001496099
0001496323
0001496443
0001496454
0001496671
0001496690
0001497253
0001497504
0001497649
0001497770
0001498067
0001498148
0001498291
0001498382
0001498547
0001498710
0001498828
0001499275
0001499422
0001499684
0001499717
0001499785
0001499832
0001499961
0001500122
0001500123
0001500198
0001500217
0001500305
0001500375
0001500435
0001501078
0001501134
0001501570
0001501585
0001501697
0001501756
0001501862
0001501989
0001502152
0001502377
0001502966
0001503274
0001503458
0001503707
0001503802
0001504008
0001504167
0001504239
0001504619
0001504678
0001505155
0001505413
0001505497
0001505512
0001505732
0001505952
0001506251
0001506293
0001506295
0001506492
0001506928
0001506929
0001506983
0001507079
0001507181
0001507605
0001507957
0001507964
0001508348
0001508381
0001508655
0001509261
0001509589
0001509745
0001509786
0001509957
0001509991
0001510247
0001510295
0001510518
0001510524
0001510832
0001510964
0001511161
0001511737
0001512228
0001512499
0001512673
0001512762
0001512886
0001512927
0001512931
0001513363
0001513761
0001513818
0001514056
0001514113
0001514416
0001514443
0001514705
0001514743
0001514946
0001514991
0001515114
0001515139
0001515156
0001515317
0001515673
0001515740
0001516551
0001516887
0001516912
0001517006
0001517022
0001517130
0001517175
0001517228
0001517302
0001517375
0001517389
0001517413
0001517498
0001517681
0001518336
0001518621
0001518715
0001518720
0001519061
0001519177
0001519401
0001519751
0001520006
0001520048
0001520118
0001520262
0001520592
0001520697
0001521036
0001521951
0001522602
0001522690
0001522727
0001522767
0001522787
0001522860
0001524025
0001524358
0001524472
0001524741
0001524769
0001524872
0001524931
0001525287
0001525306
0001525769
0001525852
0001526119
0001526520
0001527102
0001527383
0001527508
0001527599
0001527613
0001527702
0001527728
0001527753
0001528115
0001528129
0001528172
0001528308
0001528396
0001528760
0001528849
0001528985
0001529113
0001529377
0001529628
0001529864
0001530163
0001530185
0001530249
0001530425
0001530721
0001530746
0001530766
0001530804
0001530874
0001530950
0001531031
0001531048
0001531152
0001531477
0001532286
0001532346
0001532383
0001532390
0001532595
0001532961
0001533030
0001533040
0001533106
0001533357
0001533427
0001533743
0001533924
0001533998
0001534120
0001534133
0001534248
0001534504
0001534675
0001534701
0001534708
0001534992
0001535079
0001535527
0001535955
0001536089
0001536394
0001537028
0001537054
0001537435
0001537561
0001538210
0001538217
0001538263
0001538716
0001538849
0001538990
0001539029
0001539680
0001539778
0001539838
0001539850
0001539894
0001540159
0001540615
0001541119
0001541157
0001541401
0001543151
0001543418
0001543623
0001543637
0001543652
0001544206
0001544227
0001544238
0001545654
0001546296
0001546417
0001546652
0001546853
0001547459
0001547521
0001547903
0001548240
0001549084
0001549145
0001549346
0001549595
0001549631
0001549922
0001549966
0001550020
0001550603
0001550695
0001551152
0001551182
0001551206
0001551306
0001551693
0001551887
0001551901
0001551986
0001552000
0001552033
0001552198
0001552275
0001552358
0001552743
0001552797
0001552800
0001552979
0001553264
0001553404
0001553643
0001554859
0001554906
0001555214
0001555279
0001555280
0001555972
0001556263
0001556266
0001556727
0001556739
0001556801
0001557376
0001557746
0001557798
0001558465
0001558583
0001559053
0001559157
0001559172
0001559356
0001559720
0001559865
0001559998
0001560241
0001560258
0001560327
0001560672
0001560905
0001561180
0001561550
0001561680
0001561686
0001561880
0001561894
0001561921
0001562151
0001562476
0001563227
0001563298
0001563463
0001563536
0001563568
0001563577
0001563665
0001563880
0001564406
0001564408
0001564618
0001564824
0001564902
0001565146
0001565228
0001566044
0001566243
0001566373
0001566469
0001566826
0001567388
0001567514
0001567900
0001568100
0001568139
0001568385
0001568628
0001568875
0001568969
0001569083
0001569340
0001569568
0001569994
0001570562
0001570827
0001571123
0001571329
0001571636
0001571934
0001571996
0001572317
0001572334
0001572384
0001572386
0001572565
0001572694
0001573221
0001573516
0001574186
0001574197
0001574235
0001574540
0001574910
0001575051
0001575142
0001575295
0001575311
0001575420
0001575434
0001575515
0001575659
0001575793
0001575828
0001575858
0001575965
0001575975
0001576169
0001576197
0001576263
0001576280
0001576427
0001576873
0001576914
0001576940
0001576942
0001577134
0001577445
0001577670
0001577916
0001578348
0001578732
0001579010
0001579157
0001579214
0001579241
0001579298
0001579428
0001579717
0001579733
0001579823
0001579877
0001580063
0001580262
0001580345
0001580490
0001580670
0001580808
0001580864
0001580905
0001581068
0001581091
0001581280
0001581990
0001582086
0001582249
0001582313
0001582554
0001582568
0001583107
0001583648
0001583771
0001584207
0001584480
0001584509
0001584549
0001584751
0001584754
0001585364
0001585521
0001585583
0001585608
0001585689
0001586454
0001586495
0001586554
0001587221
0001587476
0001587523
0001587732
0001588014
0001588489
0001589061
0001589149
0001589526
0001590383
0001590418
0001590496
0001590560
0001590584
0001590695
0001590714
0001590717
0001590750
0001590877
0001590895
0001590955
0001590976
0001591157
0001591165
0001591587
0001591588
0001591615
0001591670
0001591698
0001591913
0001591956
0001592000
0001592016
0001592057
0001592058
0001592386
0001592603
0001592782
0001593001
0001593034
0001593204
0001593548
0001593549
0001593773
0001593899
0001594204
0001594555
0001595097
0001595248
0001595527
0001595585
0001595974
0001596062
0001596532
0001596783
0001596946
0001596961
0001596967
0001596993
0001597264
0001597313
0001597553
0001597846
0001597892
0001598323
0001598428
0001598646
0001598665
0001599117
0001599298
0001599407
0001599489
0001599617
0001599901
0001600033
0001600132
0001600422
0001600438
0001600620
0001601046
0001601280
0001601485
0001601548
0001601669
0001602065
0001602078
0001602143
0001602409
